1656389785839255	0	0
1656389785905744	0	0
1656389785905745	0	0
1656389785905746	0	0
1656389785905803	0	0
1656389785905881	0	0
1656389785906073	0	0
1656389785906128	0	0
1656389785908487	0	0
1656389785908488	0	0
1656389785908488	0	0
1656389785958165	0	0
1656389785960284	0	0
1656389785960285	0	0
1656389785966946	0	0
1656389785966947	0	0
1656389785966947	0	0
1656389785966948	0	0
1656389785966949	0	0
1656389785969068	0	0
1656389785969069	0	0
1656389785969070	0	0
1656389786010174	0	0
1656389786015574	0	0
1656389786016502	0	0
1656389786016502	0	0
1656389786016503	0	0
1656389786016503	0	0
1656389786016568	0	0
1656389786017852	0	0
1656389786017853	0	0
1656389786024785	0	0
1656389786026985	0	0
1656389786029860	0	0
1656389786032695	0	0
1656389786069897	0	0
1656389786071995	0	0
1656389786074162	0	0
1656389786077675	0	0
1656389786078773	0	0
1656389786079754	0	0
1656389786081950	0	0
1656389786081950	0	0
1656389786081951	0	0
1656389786082956	0	0
1656389786084244	0	0
1656389786085522	0	0
1656389786086541	0	0
1656389786087643	0	0
1656389786088461	0	0
1656389786088517	0	0
1656389786090151	0	0
1656389786091306	0	0
1656389786092640	0	0
1656389786092641	0	0
1656389786093785	0	0
1656389786093786	0	0
1656389786096238	0	0
1656389786096238	0	0
1656389786096239	0	0
1656389786130497	0	0
1656389786130498	0	0
1656389786136976	0	0
1656389786136977	0	0
1656389786136978	0	0
1656389786139267	0	0
1656389786139268	0	0
1656389786139268	0	0
1656389786141493	0	0
1656389786141494	0	0
1656389786143710	0	0
1656389786143711	0	0
1656389786143712	0	0
1656389786143712	0	0
1656389786143713	0	0
1656389786143713	0	0
1656389786145880	0	0
1656389786145881	0	0
1656389786145881	0	0
1656389786145882	0	0
1656389786147599	0	0
1656389786149064	0	0
1656389786149065	0	0
1656389786149125	0	0
1656389786149125	0	0
1656389786152378	0	0
1656389786152379	0	0
1656389786152379	0	0
1656389786152426	0	0
1656389786152462	0	0
1656389786152504	0	0
1656389786152505	0	0
1656389786152537	0	0
1656389786154502	0	0
1656389786154542	0	0
1656389786154576	0	0
1656389786154618	0	0
1656389786154658	0	0
1656389786154699	0	0
1656389786156722	0	0
1656389786156723	0	0
1656389786156724	0	0
1656389786156761	0	0
1656389786160196	0	0
1656389786160197	0	0
1656389786160197	0	0
1656389786160241	0	0
1656389786162327	0	0
1656389786162328	0	0
1656389786162329	0	0
1656389786197202	0	0
1656389786199691	0	0
1656389786205677	0	0
1656389786205678	0	0
1656389786205679	0	0
1656389786207811	0	0
1656389786207812	0	0
1656389786208740	0	0
1656389786210095	0	0
1656389786210096	0	0
1656389786210097	0	0
1656389786210148	0	0
1656389786210163	0	0
1656389786212190	0	0
1656389786212244	0	0
1656389786212271	0	0
1656389786214499	0	0
1656389786214553	0	0
1656389786214579	0	0
1656389786216712	0	0
1656389786216713	0	0
1656389786216834	0	0
1656389786217868	0	0
1656389786217868	0	0
1656389786217869	0	0
1656389786217907	0	0
1656389786219637	0	0
1656389786219638	0	0
1656389786220408	0	0
1656389786220463	0	0
1656389786222028	0	0
1656389786222029	0	0
1656389786222993	0	0
1656389786224036	0	0
1656389786224037	0	0
1656389786225365	0	0
1656389786225366	0	0
1656389786226605	0	0
1656389786226605	0	0
1656389786226606	0	0
1656389786226644	0	0
1656389786227566	0	0
1656389786227567	0	0
1656389786228814	0	0
1656389786230060	0	0
1656389786230061	0	0
1656389786231087	0	0
1656389786231087	0	0
1656389786233076	0	0
1656389786233077	0	0
1656389786233601	0	0
1656389786233601	0	0
1656389786235373	0	0
1656389786235409	0	0
1656389786257056	0	0
1656389786257057	0	0
1656389786264842	0	0
1656389786266911	0	0
1656389786266912	0	0
1656389786266913	0	0
1656389786266913	0	0
1656389786275622	0	0
1656389786275623	0	0
1656389786275673	0	0
1656389786275697	0	0
1656389786275739	0	0
1656389786275784	0	0
1656389786275784	0	0
1656389786277768	0	0
1656389786277768	0	0
1656389786277816	0	0
1656389786277839	0	0
1656389786280203	0	0
1656389786280236	0	0
1656389786280284	0	0
1656389786280318	0	0
1656389786280358	0	0
1656389786281297	0	0
1656389786281298	0	0
1656389786281356	0	0
1656389786281356	0	0
1656389786282711	0	0
1656389786282759	0	0
1656389786284259	0	0
1656389786284260	0	0
1656389786284307	0	0
1656389786285245	0	0
1656389786285245	0	0
1656389786285481	0	0
1656389786285521	0	0
1656389786287720	0	0
1656389786287756	0	0
1656389786287800	0	0
1656389786287853	0	0
1656389786287902	0	0
1656389786290105	0	0
1656389786290145	0	0
1656389786290176	0	0
1656389786290212	0	0
1656389786290252	0	0
1656389786290292	0	0
1656389786299133	0	0
1656389786299133	0	0
1656389786299134	0	0
1656389786299198	0	0
1656389786299223	0	0
1656389786299261	0	0
1656389786299301	0	0
1656389786299342	0	0
1656389786299384	0	0
1656389786299384	0	0
1656389786299425	0	0
1656389786299459	0	0
1656389786299502	0	0
1656389786299548	0	0
1656389786299581	0	0
1656389786299627	0	0
1656389786299661	0	0
1656389786299700	0	0
1656389786306696	0	0
1656389786306697	0	0
1656389786306697	0	0
1656389786306742	0	0
1656389786306770	0	0
1656389786306807	0	0
1656389786307873	0	0
1656389786307873	0	0
1656389786307874	0	0
1656389786307912	0	0
1656389786307952	0	0
1656389786307997	0	0
1656389786309387	0	0
1656389786309388	0	0
1656389786309388	0	0
1656389786324827	0	0
1656389786324868	0	0
1656389786331516	0	0
1656389786331561	0	0
1656389786331619	0	0
1656389786331695	0	0
1656389786333827	0	0
1656389786333870	0	0
1656389786339591	0	0
1656389786339628	0	0
1656389786339709	0	0
1656389786339798	0	0
1656389786339870	0	0
1656389786341602	0	0
1656389786341643	0	0
1656389786343476	0	0
1656389786343517	0	0
1656389786345340	0	0
1656389786345341	0	0
1656389786345442	0	0
1656389786345508	0	0
1656389786345596	0	0
1656389786345686	0	0
1656389786345769	0	0
1656389786346374	0	0
1656389786346434	0	0
1656389786346470	0	0
1656389786347851	0	0
1656389786347891	0	0
1656389786349442	0	0
1656389786349483	0	0
1656389786349562	0	0
1656389786349854	0	0
1656389786349914	0	0
1656389786349998	0	0
1656389786350099	0	0
1656389786350171	0	0
1656389786350942	0	0
1656389786351019	0	0
1656389786351095	0	0
1656389786353082	0	0
1656389786353163	0	0
1656389786353265	0	0
1656389786354632	0	0
1656389786354674	0	0
1656389786356294	0	0
1656389786356348	0	0
1656389786356434	0	0
1656389786362539	0	0
1656389786362580	0	0
1656389786362665	0	0
1656389786362751	0	0
1656389786364966	0	0
1656389786365019	0	0
1656389786373000	0	0
1656389786373000	0	0
1656389786373104	0	0
1656389786373179	0	0
1656389786373254	0	0
1656389786373373	0	0
1656389786373459	0	0
1656389786373504	0	0
1656389786373608	0	0
1656389786373696	0	0
1656389786373822	0	0
1656389786373868	0	0
1656389786373947	0	0
1656389786374035	0	0
1656389786374117	0	0
1656389786374183	0	0
1656389786374326	0	0
1656389786374364	0	0
1656389786374443	0	0
1656389786374562	0	0
1656389786374650	0	0
1656389786374747	0	0
1656389786374828	0	0
1656389786374931	0	0
1656389786374970	0	0
1656389786375083	0	0
1656389786375165	0	0
1656389786375246	0	0
1656389786375322	0	0
1656389786382973	0	0
1656389786382973	0	0
1656389786383082	0	0
1656389786383172	0	0
1656389786383231	0	0
1656389786386208	0	0
1656389786389407	0	0
1656389786389445	0	0
1656389786391059	0	0
1656389786396674	0	0
1656389786396675	0	0
1656389786398105	0	0
1656389786398325	0	0
1656389786398379	0	0
1656389786398502	0	0
1656389786398556	0	0
1656389786400067	0	0
1656389786400102	0	0
1656389786400180	0	0
1656389786400391	0	0
1656389786400450	0	0
1656389786401256	0	0
1656389786401257	0	0
1656389786401354	0	0
1656389786403302	0	0
1656389786403303	0	0
1656389786404621	0	0
1656389786404661	0	0
1656389786404746	0	0
1656389786404833	0	0
1656389786404919	0	0
1656389786404994	0	0
1656389786405078	0	0
1656389786405168	0	0
1656389786405246	0	0
1656389786406323	0	0
1656389786406323	0	0
1656389786408001	0	0
1656389786408035	0	0
1656389786408129	0	0
1656389786408174	0	0
1656389786408355	0	0
1656389786408451	0	0
1656389786410359	0	0
1656389786410360	0	0
1656389786410457	0	0
1656389786410539	0	0
1656389786410618	0	0
1656389786410698	0	0
1656389786410819	0	0
1656389786410873	0	0
1656389786411059	0	0
1656389786412747	0	0
1656389786422425	0	0
1656389786422469	0	0
1656389786422552	0	0
1656389786422636	0	0
1656389786422726	0	0
1656389786422806	0	0
1656389786423484	0	0
1656389786424693	0	0
1656389786424749	0	0
1656389786424832	0	0
1656389786424912	0	0
1656389786425994	0	0
1656389786425995	0	0
1656389786426584	0	0
1656389786426710	0	0
1656389786426788	0	0
1656389786426828	0	0
1656389786426925	0	0
1656389786427050	0	0
1656389786428059	0	0
1656389786428060	0	0
1656389786428178	0	0
1656389786428274	0	0
1656389786428359	0	0
1656389786428444	0	0
1656389786428530	0	0
1656389786428609	0	0
1656389786429158	0	0
1656389786429212	0	0
1656389786430353	0	0
1656389786430431	0	0
1656389786430629	0	0
1656389786430707	0	0
1656389786431721	0	0
1656389786431755	0	0
1656389786431855	0	0
1656389786432980	0	0
1656389786433193	0	0
1656389786433228	0	0
1656389786433323	0	0
1656389786433412	0	0
1656389786434549	0	0
1656389786434550	0	0
1656389786434660	0	0
1656389786434713	0	0
1656389786434972	0	0
1656389786435053	0	0
1656389786436640	0	0
1656389786436685	0	0
1656389786436763	0	0
1656389786437995	0	0
1656389786438050	0	0
1656389786438072	0	0
1656389786446257	0	0
1656389786446258	0	0
1656389786446258	0	0
1656389786446300	0	0
1656389786446337	0	0
1656389786447296	0	0
1656389786447297	0	0
1656389786460952	0	0
1656389786462159	0	0
1656389786462160	0	0
1656389786464711	0	0
1656389786465866	0	0
1656389786465910	0	0
1656389786465978	0	0
1656389786466055	0	0
1656389786466139	0	0
1656389786466757	0	0
1656389786466830	0	0
1656389786466925	0	0
1656389786467035	0	0
1656389786467109	0	0
1656389786467206	0	0
1656389786467290	0	0
1656389786467380	0	0
1656389786467477	0	0
1656389786467687	0	0
1656389786467727	0	0
1656389786468411	0	0
1656389786468499	0	0
1656389786468576	0	0
1656389786468663	0	0
1656389786470092	0	0
1656389786470123	0	0
1656389786470220	0	0
1656389786470308	0	0
1656389786470393	0	0
1656389786470471	0	0
1656389786471135	0	0
1656389786471251	0	0
1656389786471331	0	0
1656389786479364	0	0
1656389786479412	0	0
1656389786479489	0	0
1656389786479560	0	0
1656389786479641	0	0
1656389786481664	0	0
1656389786481721	0	0
1656389786483103	0	0
1656389786483147	0	0
1656389786483229	0	0
1656389786491294	0	0
1656389786491331	0	0
1656389786491414	0	0
1656389786492118	0	0
1656389786493583	0	0
1656389786493628	0	0
1656389786493699	0	0
1656389786493798	0	0
1656389786493849	0	0
1656389786494405	0	0
1656389786494481	0	0
1656389786494560	0	0
1656389786496284	0	0
1656389786496285	0	0
1656389786496374	0	0
1656389786496451	0	0
1656389786496536	0	0
1656389786496621	0	0
1656389786496703	0	0
1656389786496845	0	0
1656389786496924	0	0
1656389786503250	0	0
1656389786503326	0	0
1656389786503435	0	0
1656389786503511	0	0
1656389786503759	0	0
1656389786503829	0	0
1656389786503933	0	0
1656389786504030	0	0
1656389786504101	0	0
1656389786504188	0	0
1656389786504290	0	0
1656389786504344	0	0
1656389786504483	0	0
1656389786518833	0	0
1656389786527890	0	0
1656389786527932	0	0
1656389786527999	0	0
1656389786528078	0	0
1656389786528164	0	0
1656389786528242	0	0
1656389786535149	0	0
1656389786535192	0	0
1656389786535260	0	0
1656389786537597	0	0
1656389786537597	0	0
1656389786537685	0	0
1656389786537792	0	0
1656389786537845	0	0
1656389786538868	0	0
1656389786538909	0	0
1656389786538979	0	0
1656389786540452	0	0
1656389786540453	0	0
1656389786540574	0	0
1656389786540606	0	0
1656389786540702	0	0
1656389786541456	0	0
1656389786541510	0	0
1656389786541577	0	0
1656389786541689	0	0
1656389786541734	0	0
1656389786544038	0	0
1656389786544125	0	0
1656389786545359	0	0
1656389786545396	0	0
1656389786545472	0	0
1656389786545554	0	0
1656389786545663	0	0
1656389786548532	0	0
1656389786550448	0	0
1656389786557422	0	0
1656389786557422	0	0
1656389786557501	0	0
1656389786558076	0	0
1656389786558112	0	0
1656389786559669	0	0
1656389786559670	0	0
1656389786560905	0	0
1656389786560905	0	0
1656389786562693	0	0
1656389786562740	0	0
1656389786562810	0	0
1656389786562864	0	0
1656389786562957	0	0
1656389786563056	0	0
1656389786563162	0	0
1656389786563252	0	0
1656389786564409	0	0
1656389786564410	0	0
1656389786564502	0	0
1656389786565374	0	0
1656389786565461	0	0
1656389786567766	0	0
1656389786579774	0	0
1656389786579815	0	0
1656389786579885	0	0
1656389786585903	0	0
1656389786585949	0	0
1656389786586986	0	0
1656389786587027	0	0
1656389786587762	0	0
1656389786587830	0	0
1656389786588820	0	0
1656389786596859	0	0
1656389786596860	0	0
1656389786596960	0	0
1656389786597036	0	0
1656389786597116	0	0
1656389786597194	0	0
1656389786597298	0	0
1656389786597359	0	0
1656389786597490	0	0
1656389786597577	0	0
1656389786597677	0	0
1656389786597770	0	0
1656389786597945	0	0
1656389786598067	0	0
1656389786598155	0	0
1656389786598232	0	0
1656389786598334	0	0
1656389786599701	0	0
1656389786602069	0	0
1656389786602120	0	0
1656389786602184	0	0
1656389786602324	0	0
1656389786602378	0	0
1656389786602470	0	0
1656389786602550	0	0
1656389786602629	0	0
1656389786602748	0	0
1656389786612958	0	0
1656389786612970	0	0
1656389786613094	0	0
1656389786613162	0	0
1656389786613223	0	0
1656389786613321	0	0
1656389786613420	0	0
1656389786613526	0	0
1656389786613602	0	0
1656389786613656	0	0
1656389786616662	0	0
1656389786616663	0	0
1656389786618061	0	0
1656389786618062	0	0
1656389786618221	0	0
1656389786618323	0	0
1656389786619555	0	0
1656389786619597	0	0
1656389786619897	0	0
1656389786619940	0	0
1656389786620328	0	0
1656389786620375	0	0
1656389786620469	0	0
1656389786622612	0	0
1656389786622613	0	0
1656389786622706	0	0
1656389786622787	0	0
1656389786622864	0	0
1656389786622983	0	0
1656389786623065	0	0
1656389786623165	0	0
1656389786623257	0	0
1656389786624476	0	0
1656389786624552	0	0
1656389786624653	0	0
1656389786627255	0	0
1656389786627294	0	0
1656389786627408	0	0
1656389786627508	0	0
1656389786627587	0	0
1656389786627707	0	0
1656389786637676	0	0
1656389786637718	0	0
1656389786639729	0	0
1656389786639730	0	0
1656389786643137	0	0
1656389786667706	0	0
1656389786667707	0	0
1656389786667708	0	0
1656389786667775	0	0
1656389786667855	0	0
1656389786670507	0	0
1656389786670508	0	0
1656389786670509	0	0
1656389786670925	0	0
1656389786672962	0	0
1656389786673083	0	0
1656389786673161	0	0
1656389786673325	0	0
1656389786673577	0	0
1656389786673661	0	0
1656389786673872	0	0
1656389786673948	0	0
1656389786674050	0	0
1656389786674214	0	0
1656389786674326	0	0
1656389786674452	0	0
1656389786674662	0	0
1656389786674819	0	0
1656389786674910	0	0
1656389786675005	0	0
1656389786676433	0	0
1656389786676479	0	0
1656389786676612	0	0
1656389786676748	0	0
1656389786678315	0	0
1656389786678440	0	0
1656389786678631	0	0
1656389786678753	0	0
1656389786679000	0	0
1656389786679183	0	0
1656389786679252	0	0
1656389786679576	0	0
1656389786680444	0	0
1656389786680487	0	0
1656389786681815	0	0
1656389786681897	0	0
1656389786683263	0	0
1656389786683319	0	0
1656389786683727	0	0
1656389786683727	0	0
1656389786683832	0	0
1656389786683935	0	0
1656389786684280	0	0
1656389786684426	0	0
1656389786686683	0	0
1656389786686721	0	0
1656389786686861	0	0
1656389786688029	0	0
1656389786688225	0	0
1656389786688288	0	0
1656389786688585	0	0
1656389786688622	0	0
1656389786689343	0	0
1656389786689893	0	0
1656389786689936	0	0
1656389786697868	0	0
1656389786697911	0	0
1656389786703903	0	0
1656389786720759	0	0
1656389786720760	0	0
1656389786720822	0	0
1656389786726095	0	0
1656389786726096	0	0
1656389786727706	0	0
1656389786727706	0	0
1656389786727829	0	0
1656389786728861	0	0
1656389786728861	0	0
1656389786730606	0	0
1656389786730629	0	0
1656389786730671	0	0
1656389786730705	0	0
1656389786730806	0	0
1656389786730807	0	0
1656389786732829	0	0
1656389786732866	0	0
1656389786733928	0	0
1656389786733928	0	0
1656389786733929	0	0
1656389786736342	0	0
1656389786736342	0	0
1656389786736342	0	0
1656389786736342	0	0
1656389786738038	0	0
1656389786738038	0	0
1656389786739420	0	0
1656389786739420	0	0
1656389786739420	0	0
1656389786739436	0	0
1656389786739472	0	0
1656389786739518	0	0
1656389786740641	0	0
1656389786740641	0	0
1656389786740642	0	0
1656389786742032	0	0
1656389786742032	0	0
1656389786742032	0	0
1656389786743509	0	0
1656389786743509	0	0
1656389786744750	0	0
1656389786744750	0	0
1656389786744750	0	0
1656389786753979	0	0
1656389786753980	0	0
1656389786753980	0	0
1656389786754001	0	0
1656389786756366	0	0
1656389786756366	0	0
1656389786756366	0	0
1656389786756367	0	0
1656389786756418	0	0
1656389786756458	0	0
1656389786756497	0	0
1656389786756539	0	0
1656389786756646	0	0
1656389786756647	0	0
1656389786759947	0	0
1656389786781376	0	0
1656389786795513	0	0
1656389786795514	0	0
1656389786795514	0	0
1656389786795515	0	0
1656389786795515	0	0
1656389786797621	0	0
1656389786797622	0	0
1656389786797623	0	0
1656389786798486	0	0
1656389786798487	0	0
1656389786800542	0	0
1656389786800543	0	0
1656389786800591	0	0
1656389786801555	0	0
1656389786804132	0	0
1656389786804133	0	0
1656389786804133	0	0
1656389786804134	0	0
1656389786804134	0	0
1656389786804135	0	0
1656389786805096	0	0
1656389786806300	0	0
1656389786806300	0	0
1656389786807156	0	0
1656389786807156	0	0
1656389786809431	0	0
1656389786809467	0	0
1656389786809509	0	0
1656389786809548	0	0
1656389786810392	0	0
1656389786810393	0	0
1656389786811733	0	0
1656389786811733	0	0
1656389786811776	0	0
1656389786811816	0	0
1656389786812522	0	0
1656389786812553	0	0
1656389786814466	0	0
1656389786816886	0	0
1656389786816887	0	0
1656389786817970	0	0
1656389786817971	0	0
1656389786818018	0	0
1656389786840342	0	0
1656389786840343	0	0
1656389786845806	0	0
1656389786846862	0	0
1656389786846921	0	0
1656389786847780	0	0
1656389786847825	0	0
1656389786849132	0	0
1656389786849132	0	0
1656389786855011	0	0
1656389786855012	0	0
1656389786855013	0	0
1656389786855013	0	0
1656389786855014	0	0
1656389786856097	0	0
1656389786856098	0	0
1656389786857868	0	0
1656389786857869	0	0
1656389786857870	0	0
1656389786857939	0	0
1656389786859575	0	0
1656389786859616	0	0
1656389786859642	0	0
1656389786859685	0	0
1656389786860923	0	0
1656389786860924	0	0
1656389786860924	0	0
1656389786860964	0	0
1656389786861008	0	0
1656389786862270	0	0
1656389786862305	0	0
1656389786862339	0	0
1656389786862385	0	0
1656389786863648	0	0
1656389786863660	0	0
1656389786864845	0	0
1656389786864845	0	0
1656389786864846	0	0
1656389786864884	0	0
1656389786864924	0	0
1656389786864965	0	0
1656389786866470	0	0
1656389786866471	0	0
1656389786866886	0	0
1656389786866886	0	0
1656389786866944	0	0
1656389786866973	0	0
1656389786868142	0	0
1656389786868143	0	0
1656389786868144	0	0
1656389786868190	0	0
1656389786869372	0	0
1656389786869417	0	0
1656389786869456	0	0
1656389786870897	0	0
1656389786870898	0	0
1656389786870942	0	0
1656389786872195	0	0
1656389786872196	0	0
1656389786872227	0	0
1656389786872265	0	0
1656389786872304	0	0
1656389786872344	0	0
1656389786872384	0	0
1656389786872425	0	0
1656389786874733	0	0
1656389786874733	0	0
1656389786874766	0	0
1656389786874795	0	0
1656389786874837	0	0
1656389786874879	0	0
1656389786876047	0	0
1656389786876048	0	0
1656389786901408	0	0
1656389786908654	0	0
1656389786908691	0	0
1656389786908783	0	0
1656389786910357	0	0
1656389786910411	0	0
1656389786910494	0	0
1656389786910589	0	0
1656389786910660	0	0
1656389786910740	0	0
1656389786912934	0	0
1656389786913010	0	0
1656389786914552	0	0
1656389786914662	0	0
1656389786914737	0	0
1656389786922638	0	0
1656389786922639	0	0
1656389786922639	0	0
1656389786923425	0	0
1656389786923426	0	0
1656389786924559	0	0
1656389786924662	0	0
1656389786924702	0	0
1656389786924794	0	0
1656389786926609	0	0
1656389786926610	0	0
1656389786926669	0	0
1656389786926704	0	0
1656389786926824	0	0
1656389786926858	0	0
1656389786926899	0	0
1656389786926938	0	0
1656389786928100	0	0
1656389786928101	0	0
1656389786929323	0	0
1656389786929323	0	0
1656389786930709	0	0
1656389786930710	0	0
1656389786932019	0	0
1656389786932020	0	0
1656389786933201	0	0
1656389786933202	0	0
1656389786933245	0	0
1656389786933426	0	0
1656389786933468	0	0
1656389786933507	0	0
1656389786934320	0	0
1656389786934355	0	0
1656389786935561	0	0
1656389786935597	0	0
1656389786936980	0	0
1656389786936981	0	0
1656389786937079	0	0
1656389786937113	0	0
1656389786939282	0	0
1656389786939295	0	0
1656389786939338	0	0
1656389786939374	0	0
1656389786939420	0	0
1656389786939460	0	0
1656389786940610	0	0
1656389786940611	0	0
1656389786960087	0	0
1656389786960088	0	0
1656389786967515	0	0
1656389786968663	0	0
1656389786968664	0	0
1656389786968707	0	0
1656389786969895	0	0
1656389786969908	0	0
1656389786969908	0	0
1656389786969959	0	0
1656389786969999	0	0
1656389786970000	0	0
1656389786971419	0	0
1656389786971420	0	0
1656389786971421	0	0
1656389786974684	0	0
1656389786974685	0	0
1656389786974720	0	0
1656389786974757	0	0
1656389786974796	0	0
1656389786975496	0	0
1656389786975558	0	0
1656389786976807	0	0
1656389786976807	0	0
1656389786977116	0	0
1656389786981485	0	0
1656389786983627	0	0
1656389786983628	0	0
1656389786983629	0	0
1656389786983677	0	0
1656389786983715	0	0
1656389786983760	0	0
1656389786983760	0	0
1656389786983793	0	0
1656389786985526	0	0
1656389786985527	0	0
1656389786985527	0	0
1656389786985569	0	0
1656389786986673	0	0
1656389786986727	0	0
1656389786986743	0	0
1656389786987578	0	0
1656389786987614	0	0
1656389786988219	0	0
1656389786988219	0	0
1656389786989079	0	0
1656389786989130	0	0
1656389786989154	0	0
1656389786991910	0	0
1656389786991966	0	0
1656389786991989	0	0
1656389786992028	0	0
1656389786992069	0	0
1656389786992108	0	0
1656389786992161	0	0
1656389786992162	0	0
1656389786992192	0	0
1656389786992227	0	0
1656389786994145	0	0
1656389786994146	0	0
1656389786994190	0	0
1656389786994214	0	0
1656389786996373	0	0
1656389786996373	0	0
1656389786996374	0	0
1656389786996374	0	0
1656389786996417	0	0
1656389787019012	0	0
1656389787019013	0	0
1656389787027776	0	0
1656389787035362	0	0
1656389787035363	0	0
1656389787035364	0	0
1656389787035364	0	0
1656389787035411	0	0
1656389787035447	0	0
1656389787035487	0	0
1656389787035527	0	0
1656389787037670	0	0
1656389787037671	0	0
1656389787037671	0	0
1656389787037672	0	0
1656389787037672	0	0
1656389787039958	0	0
1656389787039959	0	0
1656389787039995	0	0
1656389787040029	0	0
1656389787040597	0	0
1656389787040597	0	0
1656389787041776	0	0
1656389787049261	0	0
1656389787049262	0	0
1656389787049263	0	0
1656389787049312	0	0
1656389787049347	0	0
1656389787049348	0	0
1656389787049383	0	0
1656389787049424	0	0
1656389787049474	0	0
1656389787049506	0	0
1656389787049547	0	0
1656389787049547	0	0
1656389787049591	0	0
1656389787049624	0	0
1656389787049663	0	0
1656389787049705	0	0
1656389787049749	0	0
1656389787057659	0	0
1656389787057659	0	0
1656389787057660	0	0
1656389787057702	0	0
1656389787057730	0	0
1656389787057769	0	0
1656389787057811	0	0
1656389787057853	0	0
1656389787057853	0	0
1656389787066348	0	0
1656389787066349	0	0
1656389787066349	0	0
1656389787066395	0	0
1656389787066409	0	0
1656389787066448	0	0
1656389787066491	0	0
1656389787068990	0	0
1656389787069754	0	0
1656389787069755	0	0
1656389787087703	0	0
1656389787087704	0	0
1656389787087743	0	0
1656389787096171	0	0
1656389787096172	0	0
1656389787096173	0	0
1656389787096173	0	0
1656389787096174	0	0
1656389787096303	0	0
1656389787096357	0	0
1656389787096402	0	0
1656389787096459	0	0
1656389787102840	0	0
1656389787102842	0	0
1656389787102842	0	0
1656389787102843	0	0
1656389787103804	0	0
1656389787103804	0	0
1656389787105997	0	0
1656389787105998	0	0
1656389787105999	0	0
1656389787106047	0	0
1656389787106073	0	0
1656389787106113	0	0
1656389787106153	0	0
1656389787106194	0	0
1656389787106257	0	0
1656389787106286	0	0
1656389787110547	0	0
1656389787110548	0	0
1656389787110600	0	0
1656389787114169	0	0
1656389787114170	0	0
1656389787114171	0	0
1656389787114208	0	0
1656389787114253	0	0
1656389787114293	0	0
1656389787114328	0	0
1656389787114369	0	0
1656389787114412	0	0
1656389787114459	0	0
1656389787114500	0	0
1656389787117481	0	0
1656389787117482	0	0
1656389787117483	0	0
1656389787117528	0	0
1656389787117553	0	0
1656389787117614	0	0
1656389787117652	0	0
1656389787117694	0	0
1656389787117728	0	0
1656389787117773	0	0
1656389787117814	0	0
1656389787117814	0	0
1656389787123228	0	0
1656389787123229	0	0
1656389787123785	0	0
1656389787123786	0	0
1656389787123830	0	0
1656389787123860	0	0
1656389787123860	0	0
1656389787123906	0	0
1656389787123963	0	0
1656389787137953	0	0
1656389787146541	0	0
1656389787154143	0	0
1656389787154143	0	0
1656389787156218	0	0
1656389787156218	0	0
1656389787156219	0	0
1656389787157813	0	0
1656389787157814	0	0
1656389787157815	0	0
1656389787157853	0	0
1656389787157892	0	0
1656389787159734	0	0
1656389787162034	0	0
1656389787162035	0	0
1656389787162074	0	0
1656389787162116	0	0
1656389787164296	0	0
1656389787164297	0	0
1656389787164352	0	0
1656389787164353	0	0
1656389787164393	0	0
1656389787164440	0	0
1656389787166558	0	0
1656389787166559	0	0
1656389787166559	0	0
1656389787166619	0	0
1656389787172101	0	0
1656389787172102	0	0
1656389787172103	0	0
1656389787172142	0	0
1656389787172185	0	0
1656389787172227	0	0
1656389787172267	0	0
1656389787174321	0	0
1656389787174322	0	0
1656389787174322	0	0
1656389787174377	0	0
1656389787174405	0	0
1656389787176544	0	0
1656389787176544	0	0
1656389787176545	0	0
1656389787176585	0	0
1656389787177840	0	0
1656389787177842	0	0
1656389787178908	0	0
1656389787178908	0	0
1656389787180242	0	0
1656389787180243	0	0
1656389787180243	0	0
1656389787180283	0	0
1656389787180323	0	0
1656389787181204	0	0
1656389787183219	0	0
1656389787189731	0	0
1656389787189731	0	0
1656389787199468	0	0
1656389787199469	0	0
1656389787207086	0	0
1656389787222737	0	0
1656389787222738	0	0
1656389787222739	0	0
1656389787222739	0	0
1656389787222804	0	0
1656389787222839	0	0
1656389787222913	0	0
1656389787224751	0	0
1656389787224752	0	0
1656389787224792	0	0
1656389787224859	0	0
1656389787224922	0	0
1656389787224959	0	0
1656389787225030	0	0
1656389787225067	0	0
1656389787226001	0	0
1656389787226064	0	0
1656389787227630	0	0
1656389787227631	0	0
1656389787229558	0	0
1656389787229559	0	0
1656389787230908	0	0
1656389787230909	0	0
1656389787230948	0	0
1656389787231002	0	0
1656389787231044	0	0
1656389787231109	0	0
1656389787231174	0	0
1656389787231215	0	0
1656389787233440	0	0
1656389787233475	0	0
1656389787236201	0	0
1656389787237345	0	0
1656389787237346	0	0
1656389787237392	0	0
1656389787237461	0	0
1656389787237498	0	0
1656389787237678	0	0
1656389787237756	0	0
1656389787239984	0	0
1656389787239985	0	0
1656389787241188	0	0
1656389787241188	0	0
1656389787241229	0	0
1656389787241229	0	0
1656389787241278	0	0
1656389787241314	0	0
1656389787241354	0	0
1656389787241399	0	0
1656389787242491	0	0
1656389787242492	0	0
1656389787243759	0	0
1656389787243760	0	0
1656389787245109	0	0
1656389787245109	0	0
1656389787250012	0	0
1656389787250013	0	0
1656389787251043	0	0
1656389787256751	0	0
1656389787279708	0	0
1656389787279708	0	0
1656389787294798	0	0
1656389787294799	0	0
1656389787295781	0	0
1656389787295782	0	0
1656389787296870	0	0
1656389787296870	0	0
1656389787296871	0	0
1656389787299285	0	0
1656389787299325	0	0
1656389787299367	0	0
1656389787300771	0	0
1656389787300772	0	0
1656389787300773	0	0
1656389787300773	0	0
1656389787301647	0	0
1656389787302899	0	0
1656389787302900	0	0
1656389787302900	0	0
1656389787305188	0	0
1656389787305189	0	0
1656389787305189	0	0
1656389787305242	0	0
1656389787305268	0	0
1656389787305312	0	0
1656389787307613	0	0
1656389787308031	0	0
1656389787308032	0	0
1656389787308068	0	0
1656389787308110	0	0
1656389787308152	0	0
1656389787310059	0	0
1656389787310060	0	0
1656389787310061	0	0
1656389787311216	0	0
1656389787311217	0	0
1656389787312284	0	0
1656389787321803	0	0
1656389787321804	0	0
1656389787322858	0	0
1656389787322858	0	0
1656389787322904	0	0
1656389787322943	0	0
1656389787322984	0	0
1656389787323778	0	0
1656389787323829	0	0
1656389787323830	0	0
1656389787323905	0	0
1656389787331329	0	0
1656389787331366	0	0
1656389787356475	0	0
1656389787356475	0	0
1656389787365141	0	0
1656389787365142	0	0
1656389787366190	0	0
1656389787367416	0	0
1656389787367417	0	0
1656389787367861	0	0
1656389787369641	0	0
1656389787371116	0	0
1656389787371954	0	0
1656389787372034	0	0
1656389787372072	0	0
1656389787373244	0	0
1656389787373245	0	0
1656389787374237	0	0
1656389787375767	0	0
1656389787375768	0	0
1656389787378211	0	0
1656389787378212	0	0
1656389787378328	0	0
1656389787379374	0	0
1656389787379375	0	0
1656389787381153	0	0
1656389787381193	0	0
1656389787382239	0	0
1656389787382283	0	0
1656389787382615	0	0
1656389787384001	0	0
1656389787384043	0	0
1656389787385472	0	0
1656389787385473	0	0
1656389787385578	0	0
1656389787387510	0	0
1656389787387556	0	0
1656389787387613	0	0
1656389787409559	0	0
1656389787410764	0	0
1656389787410765	0	0
1656389787415785	0	0
1656389787417759	0	0
1656389787426160	0	0
1656389787426161	0	0
1656389787426243	0	0
1656389787432221	0	0
1656389787432260	0	0
1656389787432348	0	0
1656389787433212	0	0
1656389787433284	0	0
1656389787434035	0	0
1656389787434095	0	0
1656389787434174	0	0
1656389787435971	0	0
1656389787435972	0	0
1656389787436035	0	0
1656389787436084	0	0
1656389787436157	0	0
1656389787439532	0	0
1656389787439640	0	0
1656389787439726	0	0
1656389787439799	0	0
1656389787439903	0	0
1656389787441927	0	0
1656389787441960	0	0
1656389787442054	0	0
1656389787443939	0	0
1656389787443981	0	0
1656389787444075	0	0
1656389787444172	0	0
1656389787444307	0	0
1656389787444423	0	0
1656389787444507	0	0
1656389787444557	0	0
1656389787444659	0	0
1656389787444734	0	0
1656389787444877	0	0
1656389787447604	0	0
1656389787447605	0	0
1656389787447679	0	0
1656389787447752	0	0
1656389787449956	0	0
1656389787451312	0	0
1656389787451346	0	0
1656389787451430	0	0
1656389787451502	0	0
1656389787451588	0	0
1656389787451678	0	0
1656389787451756	0	0
1656389787452189	0	0
1656389787486367	0	0
1656389787486408	0	0
1656389787486550	0	0
1656389787498256	0	0
1656389787498257	0	0
1656389787498352	0	0
1656389787498472	0	0
1656389787507287	0	0
1656389787507635	0	0
1656389787507681	0	0
1656389787507741	0	0
1656389787507827	0	0
1656389787508005	0	0
1656389787508109	0	0
1656389787508243	0	0
1656389787508377	0	0
1656389787508491	0	0
1656389787514506	0	0
1656389787514539	0	0
1656389787514899	0	0
1656389787514987	0	0
1656389787515053	0	0
1656389787515127	0	0
1656389787515211	0	0
1656389787515312	0	0
1656389787515392	0	0
1656389787515472	0	0
1656389787515548	0	0
1656389787522138	0	0
1656389787522224	0	0
1656389787522297	0	0
1656389787522408	0	0
1656389787522494	0	0
1656389787522595	0	0
1656389787522667	0	0
1656389787522752	0	0
1656389787522842	0	0
1656389787522924	0	0
1656389787523007	0	0
1656389787523089	0	0
1656389787541778	0	0
1656389787549706	0	0
1656389787549707	0	0
1656389787550625	0	0
1656389787555438	0	0
1656389787555439	0	0
1656389787556366	0	0
1656389787561138	0	0
1656389787562364	0	0
1656389787562365	0	0
1656389787563296	0	0
1656389787564467	0	0
1656389787564468	0	0
1656389787565626	0	0
1656389787565627	0	0
1656389787565628	0	0
1656389787566858	0	0
1656389787568062	0	0
1656389787568063	0	0
1656389787570515	0	0
1656389787570516	0	0
1656389787570956	0	0
1656389787572780	0	0
1656389787572781	0	0
1656389787573974	0	0
1656389787573975	0	0
1656389787573976	0	0
1656389787575115	0	0
1656389787575116	0	0
1656389787576240	0	0
1656389787576241	0	0
1656389787576608	0	0
1656389787577776	0	0
1656389787577777	0	0
1656389787577777	0	0
1656389787580132	0	0
1656389787580133	0	0
1656389787580147	0	0
1656389787581186	0	0
1656389787582458	0	0
1656389787582458	0	0
1656389787582459	0	0
1656389787582510	0	0
1656389787583609	0	0
1656389787583610	0	0
1656389787583651	0	0
1656389787584760	0	0
1656389787586037	0	0
1656389787600368	0	0
1656389787607896	0	0
1656389787607897	0	0
1656389787607898	0	0
1656389787607898	0	0
1656389787607899	0	0
1656389787607970	0	0
1656389787617776	0	0
1656389787617777	0	0
1656389787617855	0	0
1656389787617856	0	0
1656389787622453	0	0
1656389787622454	0	0
1656389787622515	0	0
1656389787622551	0	0
1656389787622594	0	0
1656389787623378	0	0
1656389787623444	0	0
1656389787623445	0	0
1656389787624760	0	0
1656389787634169	0	0
1656389787634170	0	0
1656389787634171	0	0
1656389787634216	0	0
1656389787634258	0	0
1656389787634295	0	0
1656389787634332	0	0
1656389787634375	0	0
1656389787634412	0	0
1656389787634453	0	0
1656389787634497	0	0
1656389787634499	0	0
1656389787634542	0	0
1656389787634580	0	0
1656389787634627	0	0
1656389787634664	0	0
1656389787634704	0	0
1656389787634751	0	0
1656389787634792	0	0
1656389787634831	0	0
1656389787634867	0	0
1656389787634906	0	0
1656389787635191	0	0
1656389787635233	0	0
1656389787635283	0	0
1656389787635311	0	0
1656389787635346	0	0
1656389787636461	0	0
1656389787636502	0	0
1656389787637502	0	0
1656389787637503	0	0
1656389787637560	0	0
1656389787637560	0	0
1656389787638293	0	0
1656389787638294	0	0
1656389787639863	0	0
1656389787639864	0	0
1656389787643915	0	0
1656389787643916	0	0
1656389787643962	0	0
1656389787659230	0	0
1656389787660386	0	0
1656389787660387	0	0
1656389787666966	0	0
1656389787668084	0	0
1656389787668084	0	0
1656389787673779	0	0
1656389787673780	0	0
1656389787673780	0	0
1656389787674854	0	0
1656389787674856	0	0
1656389787685008	0	0
1656389787685072	0	0
1656389787685164	0	0
1656389787685231	0	0
1656389787685295	0	0
1656389787685425	0	0
1656389787688500	0	0
1656389787689822	0	0
1656389787691965	0	0
1656389787699717	0	0
1656389787699717	0	0
1656389787699718	0	0
1656389787699782	0	0
1656389787699820	0	0
1656389787699860	0	0
1656389787699899	0	0
1656389787702017	0	0
1656389787702018	0	0
1656389787702075	0	0
1656389787702100	0	0
1656389787702137	0	0
1656389787704425	0	0
1656389787704426	0	0
1656389787704427	0	0
1656389787704479	0	0
1656389787704553	0	0
1656389787704588	0	0
1656389787705613	0	0
1656389787705666	0	0
1656389787705667	0	0
1656389787705710	0	0
1656389787705752	0	0
1656389787705789	0	0
1656389787705831	0	0
1656389787705872	0	0
1656389787706708	0	0
1656389787706750	0	0
1656389787708210	0	0
1656389787708211	0	0
1656389787708211	0	0
1656389787708277	0	0
1656389787708316	0	0
1656389787708357	0	0
1656389787708400	0	0
1656389787708447	0	0
1656389787710489	0	0
1656389787710490	0	0
1656389787710547	0	0
1656389787710582	0	0
1656389787710622	0	0
1656389787710679	0	0
1656389787712091	0	0
1656389787712092	0	0
1656389787712093	0	0
1656389787712156	0	0
1656389787712194	0	0
1656389787712235	0	0
1656389787713362	0	0
1656389787713442	0	0
1656389787713482	0	0
1656389787713526	0	0
1656389787714827	0	0
1656389787714867	0	0
1656389787714902	0	0
1656389787714946	0	0
1656389787715253	0	0
1656389787715284	0	0
1656389787717744	0	0
1656389787720255	0	0
1656389787720255	0	0
1656389787720299	0	0
1656389787726541	0	0
1656389787734643	0	0
1656389787734644	0	0
1656389787734683	0	0
1656389787734727	0	0
1656389787734762	0	0
1656389787734799	0	0
1656389787734838	0	0
1656389787734900	0	0
1656389787740021	0	0
1656389787747769	0	0
1656389787747770	0	0
1656389787747812	0	0
1656389787747835	0	0
1656389787754546	0	0
1656389787754547	0	0
1656389787754547	0	0
1656389787754548	0	0
1656389787754548	0	0
1656389787754629	0	0
1656389787754629	0	0
1656389787756543	0	0
1656389787764531	0	0
1656389787764532	0	0
1656389787764533	0	0
1656389787764534	0	0
1656389787769458	0	0
1656389787769459	0	0
1656389787769459	0	0
1656389787769460	0	0
1656389787769461	0	0
1656389787769461	0	0
1656389787769462	0	0
1656389787770629	0	0
1656389787770629	0	0
1656389787770668	0	0
1656389787770705	0	0
1656389787772472	0	0
1656389787772505	0	0
1656389787772549	0	0
1656389787772587	0	0
1656389787772629	0	0
1656389787772630	0	0
1656389787772671	0	0
1656389787772707	0	0
1656389787772748	0	0
1656389787772791	0	0
1656389787774032	0	0
1656389787774033	0	0
1656389787777727	0	0
1656389787777782	0	0
1656389787777821	0	0
1656389787786352	0	0
1656389787786353	0	0
1656389787786354	0	0
1656389787786428	0	0
1656389787792897	0	0
1656389787792909	0	0
1656389787792951	0	0
1656389787793005	0	0
1656389787793080	0	0
1656389787793149	0	0
1656389787793187	0	0
1656389787793233	0	0
1656389787793305	0	0
1656389787793349	0	0
1656389787793395	0	0
1656389787793448	0	0
1656389787802742	0	0
1656389787802819	0	0
1656389787802913	0	0
1656389787802987	0	0
1656389787803070	0	0
1656389787811801	0	0
1656389787813238	0	0
1656389787813642	0	0
1656389787813781	0	0
1656389787822088	0	0
1656389787822124	0	0
1656389787822223	0	0
1656389787822293	0	0
1656389787822374	0	0
1656389787822467	0	0
1656389787822561	0	0
1656389787822618	0	0
1656389787822743	0	0
1656389787822789	0	0
1656389787822869	0	0
1656389787822938	0	0
1656389787823051	0	0
1656389787823101	0	0
1656389787823189	0	0
1656389787823308	0	0
1656389787823409	0	0
1656389787824481	0	0
1656389787824758	0	0
1656389787826103	0	0
1656389787826104	0	0
1656389787826177	0	0
1656389787827141	0	0
1656389787827189	0	0
1656389787828981	0	0
1656389787829030	0	0
1656389787830417	0	0
1656389787830487	0	0
1656389787830587	0	0
1656389787830663	0	0
1656389787830748	0	0
1656389787831912	0	0
1656389787832170	0	0
1656389787832298	0	0
1656389787833548	0	0
1656389787833609	0	0
1656389787833697	0	0
1656389787846924	0	0
1656389787846966	0	0
1656389787847652	0	0
1656389787847686	0	0
1656389787847795	0	0
1656389787849327	0	0
1656389787849596	0	0
1656389787851112	0	0
1656389787851113	0	0
1656389787852869	0	0
1656389787852922	0	0
1656389787869312	0	0
1656389787877520	0	0
1656389787877521	0	0
1656389787877594	0	0
1656389787879838	0	0
1656389787879839	0	0
1656389787879839	0	0
1656389787881076	0	0
1656389787881077	0	0
1656389787882416	0	0
1656389787882417	0	0
1656389787882528	0	0
1656389787882579	0	0
1656389787882681	0	0
1656389787884394	0	0
1656389787884396	0	0
1656389787885546	0	0
1656389787887242	0	0
1656389787887242	0	0
1656389787887243	0	0
1656389787887340	0	0
1656389787887425	0	0
1656389787887567	0	0
1656389787890005	0	0
1656389787890041	0	0
1656389787890145	0	0
1656389787890232	0	0
1656389787890293	0	0
1656389787891022	0	0
1656389787892630	0	0
1656389787893229	0	0
1656389787893272	0	0
1656389787893348	0	0
1656389787894972	0	0
1656389787894972	0	0
1656389787895057	0	0
1656389787895145	0	0
1656389787895669	0	0
1656389787897941	0	0
1656389787899381	0	0
1656389787899382	0	0
1656389787907266	0	0
1656389787907278	0	0
1656389787907321	0	0
1656389787908473	0	0
1656389787908474	0	0
1656389787908475	0	0
1656389787909542	0	0
1656389787909543	0	0
1656389787909544	0	0
1656389787909584	0	0
1656389787910696	0	0
1656389787910749	0	0
1656389787912081	0	0
1656389787919736	0	0
1656389787929807	0	0
1656389787929870	0	0
1656389787929920	0	0
1656389787935514	0	0
1656389787935559	0	0
1656389787937646	0	0
1656389787937710	0	0
1656389787937756	0	0
1656389787937845	0	0
1656389787940135	0	0
1656389787947845	0	0
1656389787947846	0	0
1656389787947921	0	0
1656389787948024	0	0
1656389787948079	0	0
1656389787948166	0	0
1656389787948252	0	0
1656389787948338	0	0
1656389787948428	0	0
1656389787948504	0	0
1656389787948597	0	0
1656389787948680	0	0
1656389787948759	0	0
1656389787948839	0	0
1656389787948932	0	0
1656389787949007	0	0
1656389787949090	0	0
1656389787949154	0	0
1656389787949246	0	0
1656389787949323	0	0
1656389787949449	0	0
1656389787957144	0	0
1656389787957190	0	0
1656389787957245	0	0
1656389787957318	0	0
1656389787957464	0	0
1656389787957503	0	0
1656389787957583	0	0
1656389787957675	0	0
1656389787957745	0	0
1656389787959538	0	0
1656389787959539	0	0
1656389787959654	0	0
1656389787959816	0	0
1656389787959906	0	0
1656389787959997	0	0
1656389787961877	0	0
1656389787962017	0	0
1656389787962122	0	0
1656389787962190	0	0
1656389787962241	0	0
1656389787967614	0	0
1656389787973354	0	0
1656389787973354	0	0
1656389787983829	0	0
1656389787983830	0	0
1656389787983905	0	0
1656389787983989	0	0
1656389787984072	0	0
1656389787984156	0	0
1656389787984350	0	0
1656389787984403	0	0
1656389787984525	0	0
1656389787984613	0	0
1656389787984683	0	0
1656389787984783	0	0
1656389787996193	0	0
1656389787996194	0	0
1656389787996253	0	0
1656389787996339	0	0
1656389788005199	0	0
1656389788005242	0	0
1656389788005301	0	0
1656389788005379	0	0
1656389788005476	0	0
1656389788014158	0	0
1656389788014201	0	0
1656389788014279	0	0
1656389788014356	0	0
1656389788016617	0	0
1656389788016617	0	0
1656389788016716	0	0
1656389788016792	0	0
1656389788016873	0	0
1656389788016966	0	0
1656389788020861	0	0
1656389788020862	0	0
1656389788020897	0	0
1656389788020943	0	0
1656389788020985	0	0
1656389788020986	0	0
1656389788021028	0	0
1656389788022006	0	0
1656389788022893	0	0
1656389788022894	0	0
1656389788022937	0	0
1656389788025362	0	0
1656389788025362	0	0
1656389788025426	0	0
1656389788025463	0	0
1656389788025504	0	0
1656389788025541	0	0
1656389788025586	0	0
1656389788027735	0	0
1656389788027736	0	0
1656389788027736	0	0
1656389788027781	0	0
1656389788027817	0	0
1656389788027858	0	0
1656389788027903	0	0
1656389788027947	0	0
1656389788028030	0	0
1656389788028077	0	0
1656389788028110	0	0
1656389788028152	0	0
1656389788029909	0	0
1656389788029945	0	0
1656389788029968	0	0
1656389788030006	0	0
1656389788031529	0	0
1656389788039869	0	0
1656389788039902	0	0
1656389788039943	0	0
1656389788046340	0	0
1656389788046860	0	0
1656389788046861	0	0
1656389788046861	0	0
1656389788046904	0	0
1656389788047895	0	0
1656389788047896	0	0
1656389788048946	0	0
1656389788048986	0	0
1656389788049011	0	0
1656389788049048	0	0
1656389788051000	0	0
1656389788051001	0	0
1656389788051001	0	0
1656389788051046	0	0
1656389788051068	0	0
1656389788051107	0	0
1656389788051147	0	0
1656389788051196	0	0
1656389788053326	0	0
1656389788053326	0	0
1656389788053327	0	0
1656389788053371	0	0
1656389788054423	0	0
1656389788054423	0	0
1656389788054458	0	0
1656389788055510	0	0
1656389788055552	0	0
1656389788065555	0	0
1656389788065566	0	0
1656389788065567	0	0
1656389788070935	0	0
1656389788073116	0	0
1656389788073116	0	0
1656389788073545	0	0
1656389788073546	0	0
1656389788073604	0	0
1656389788079619	0	0
1656389788080738	0	0
1656389788080739	0	0
1656389788081848	0	0
1656389788083302	0	0
1656389788087294	0	0
1656389788087295	0	0
1656389788087327	0	0
1656389788087362	0	0
1656389788087425	0	0
1656389788087461	0	0
1656389788100240	0	0
1656389788100241	0	0
1656389788107855	0	0
1656389788107856	0	0
1656389788107856	0	0
1656389788107914	0	0
1656389788107915	0	0
1656389788107965	0	0
1656389788109705	0	0
1656389788109743	0	0
1656389788110900	0	0
1656389788110952	0	0
1656389788113380	0	0
1656389788113381	0	0
1656389788113381	0	0
1656389788113451	0	0
1656389788113452	0	0
1656389788113495	0	0
1656389788113496	0	0
1656389788115593	0	0
1656389788115631	0	0
1656389788115668	0	0
1656389788115713	0	0
1656389788115747	0	0
1656389788115797	0	0
1656389788117564	0	0
1656389788117564	0	0
1656389788128094	0	0
1656389788128095	0	0
1656389788128095	0	0
1656389788128134	0	0
1656389788128176	0	0
1656389788128217	0	0
1656389788128258	0	0
1656389788128296	0	0
1656389788128334	0	0
1656389788128400	0	0
1656389788128437	0	0
1656389788130037	0	0
1656389788130038	0	0
1656389788130039	0	0
1656389788136471	0	0
1656389788136472	0	0
1656389788136516	0	0
1656389788136543	0	0
1656389788137995	0	0
1656389788137996	0	0
1656389788137997	0	0
1656389788140116	0	0
1656389788140116	0	0
1656389788140117	0	0
1656389788140117	0	0
1656389788140164	0	0
1656389788140234	0	0
1656389788140271	0	0
1656389788144749	0	0
1656389788144750	0	0
1656389788144751	0	0
1656389788144751	0	0
1656389788160047	0	0
1656389788160084	0	0
1656389788167943	0	0
1656389788167944	0	0
1656389788167945	0	0
1656389788167945	0	0
1656389788167946	0	0
1656389788167946	0	0
1656389788167947	0	0
1656389788169998	0	0
1656389788169999	0	0
1656389788171087	0	0
1656389788171088	0	0
1656389788171089	0	0
1656389788171127	0	0
1656389788172163	0	0
1656389788172164	0	0
1656389788172164	0	0
1656389788172205	0	0
1656389788172248	0	0
1656389788173335	0	0
1656389788173336	0	0
1656389788174444	0	0
1656389788174444	0	0
1656389788175690	0	0
1656389788175690	0	0
1656389788176779	0	0
1656389788176810	0	0
1656389788176836	0	0
1656389788176878	0	0
1656389788177881	0	0
1656389788180081	0	0
1656389788181236	0	0
1656389788182221	0	0
1656389788182222	0	0
1656389788182222	0	0
1656389788182266	0	0
1656389788183484	0	0
1656389788183484	0	0
1656389788183485	0	0
1656389788184598	0	0
1656389788184598	0	0
1656389788185610	0	0
1656389788185611	0	0
1656389788186862	0	0
1656389788186862	0	0
1656389788186863	0	0
1656389788186901	0	0
1656389788186944	0	0
1656389788186982	0	0
1656389788195773	0	0
1656389788195773	0	0
1656389788195774	0	0
1656389788195832	0	0
1656389788195897	0	0
1656389788195937	0	0
1656389788195978	0	0
1656389788196015	0	0
1656389788196061	0	0
1656389788196061	0	0
1656389788201102	0	0
1656389788201103	0	0
1656389788201104	0	0
1656389788202226	0	0
1656389788221107	0	0
1656389788228134	0	0
1656389788228135	0	0
1656389788228135	0	0
1656389788228197	0	0
1656389788228300	0	0
1656389788230313	0	0
1656389788230351	0	0
1656389788230450	0	0
1656389788230553	0	0
1656389788230652	0	0
1656389788232721	0	0
1656389788232764	0	0
1656389788232836	0	0
1656389788232916	0	0
1656389788232992	0	0
1656389788233087	0	0
1656389788233276	0	0
1656389788235422	0	0
1656389788235505	0	0
1656389788235601	0	0
1656389788235676	0	0
1656389788245418	0	0
1656389788245419	0	0
1656389788245419	0	0
1656389788245420	0	0
1656389788245420	0	0
1656389788245421	0	0
1656389788245421	0	0
1656389788245515	0	0
1656389788245516	0	0
1656389788245565	0	0
1656389788246143	0	0
16563897882