1656498968092232	1656498968092677
1656498968140188	1656498968141144
1656498968144022	1656498968144475
1656498968173441	1656498968172134
1656498968196625	1656498968196982
1656498968208041	1656498968206826
1656498968209249	1656498968210353
1656498968211051	1656498968210520
1656498968212121	1656498968212658
1656498968213086	1656498968212744
1656498968214121	1656498968212744
1656498968215562	1656498968216190
1656498968217119	1656498968216369
1656498968218010	1656498968216369
1656498968523032	1656498968523782
1656498968533602	1656498968534799
1656498968538390	1656498968539203
1656498968739159	1656498968739656
1656498968741181	1656498968741427
1656498968746138	1656498968746289
1656498968748147	1656498968747444
1656498968750236	1656498968750844
1656498968755231	1656498968755549
1656498968756053	1656498968756511
1656498968757703	1656498968757929
1656498968758053	1656498968758008
1656498968822389	1656498968823528
1656498968830893	1656498968830886
1656498968905969	1656498968904485
1656498968934866	1656498968934626
1656498968941580	1656498968942083
1656498968946598	1656498968946747
1656498968947673	1656498968947575
1656498968957630	1656498968958120
1656498968958693	1656498968958321
1656498968959761	1656498968959298
1656498968964665	1656498968963614
1656498968968580	1656498968968798
1656498969060170	1656498969060216
1656498969208672	1656498969208342
1656498969209580	1656498969209488
1656498969211381	1656498969210818
1656498969212597	1656498969213092
1656498969220571	1656498969219986
1656498969225541	1656498969223791
1656498969407310	1656498969406509
1656498969409124	1656498969409997
1656498969410471	1656498969410162
1656498969560621	1656498969561676
1656498969570296	1656498969570383
1656498969572910	1656498969572420
1656498969601319	1656498969599840
1656498969602277	1656498969602078
1656498969604556	1656498969604424
1656498969764711	1656498969764989
1656498969768425	1656498969768948
1656498969769579	1656498969769208
1656498969886431	1656498969886000
1656498970147212	1656498970147027
1656498970217013	1656498970217903
1656498970226477	1656498970226757
1656498970217021	1656498970217903
1656498970229450	1656498970229021
1656498970430727	1656498970430358
1656498970438757	1656498970439962
1656498970487664	1656498970488133
1656498970676502	1656498970675110
1656498970677883	1656498970676255
1656498970678734	1656498970676619
1656498970817043	1656498970817191
1656498971117039	1656498971116629
1656498971159991	1656498971159949
1656498971167743	1656498971167334
1656498971177123	1656498971177594
1656498971174102	1656498971173178
1656498971180106	1656498971179312
1656498971241857	1656498971242591
1656498971271613	1656498971270704
1656498971317707	1656498971318651
1656498971338473	1656498971338443
1656498971338888	1656498971338480
1656498971358194	1656498971357147
1656498971366762	1656498971365901
1656498971414273	1656498971413433
1656498971417253	1656498971417220
1656498971417689	1656498971417476
1656498971497857	1656498971497314
1656498971547735	1656498971547358
1656498971552936	1656498971552213
1656498971628946	1656498971629342
1656498971641538	1656498971641974
1656498971646728	1656498971647274
1656498971649053	1656498971649045
1656498971650635	1656498971649393
1656498971840905	1656498971840829
1656498971842932	1656498971840943
1656498971844794	1656498971843840
1656498972020337	1656498972019350
1656498972027503	1656498972026850
1656498972236530	1656498972236360
1656498972324416	1656498972324466
1656498972432641	1656498972433743
1656498972433608	1656498972433743
1656498972438964	1656498972438035
1656498972439444	1656498972440108
1656498972440751	1656498972440193
1656498972445773	1656498972444500
1656498972449334	1656498972449214
1656498972450763	1656498972449455
1656498972837116	1656498972837050
1656498972840704	1656498972839802
1656498972841539	1656498972842252
1656498972850927	1656498972851551
1656498972852368	1656498972852771
1656498973075740	1656498973076917
1656498973107207	1656498973106126
1656498973384132	1656498973384814
1656498973386976	1656498973386003
1656498973388122	1656498973386890
1656498973390178	1656498973389819
1656498973397069	1656498973397135
1656498973398892	1656498973398707
1656498973399813	1656498973398707
1656498973577274	1656498973576860
1656498973578169	1656498973576860
1656498973653196	1656498973653191
1656498973726847	1656498973727123
1656498973727735	1656498973727213
1656498973728940	1656498973729504
1656498973745405	1656498973745214
1656498973858005	1656498973857231
1656498973863386	1656498973862889
1656498973866257	1656498973867324
1656498973870799	1656498973870818
1656498974166969	1656498974166820
1656498974170944	1656498974170963
1656498974172385	1656498974172838
1656498974173459	1656498974172878
1656498974177031	1656498974176911
1656498974178094	1656498974178271
1656498974206321	1656498974206575
1656498974600428	1656498974601469
1656498974601112	1656498974601469
1656498974601493	1656498974601469
1656498974603267	1656498974603321
1656498974607344	1656498974606091
1656498974608451	1656498974609835
1656498974617465	1656498974616547
1656498974615413	1656498974616547
1656498974616471	1656498974616547
1656498974617329	1656498974616547
1656498974618187	1656498974616547
1656498974811267	1656498974811968
1656498974812460	1656498974811968
1656498974813919	1656498974813748
1656498975035758	1656498975035765
1656498975037659	1656498975037890
1656498975046848	1656498975047383
1656498975217781	1656498975216480
1656498975222121	1656498975221384
1656498975225131	1656498975226068
1656498975226192	1656498975226155
1656498975228129	1656498975226114
1656498975467131	1656498975467941
1656498975467979	1656498975467941
1656498975483672	1656498975484451
1656498975486722	1656498975487063
1656498975487195	1656498975487100
1656498975488700	1656498975488208
1656498975489435	1656498975489428
1656498975493325	1656498975494258
1656498975498579	1656498975499282
1656498975499537	1656498975499400
1656498976116606	1656498976117044
1656498976171576	1656498976171684
1656498976172731	1656498976172758
1656498976262227	1656498976262421
1656498976271043	1656498976271114
1656498976277650	1656498976277169
1656498976278541	1656498976277249
1656498976334464	1656498976335739
1656498976370637	1656498976371628
1656498976372125	1656498976371705
1656498976373244	1656498976373851
1656498976373883	1656498976373900
1656498976374889	1656498976374007
1656498976375836	1656498976374007
1656498976377009	1656498976377000
1656498976389655	1656498976390361
1656498976435405	1656498976436508
1656498976713596	1656498976714691
1656498977276988	1656498977277288
1656498977278470	1656498977277367
1656498977279877	1656498977279501
1656498977294293	1656498977293820
1656498977296915	1656498977297064
1656498977293194	1656498977293820
1656498977373334	1656498977374553
1656498977473409	1656498977473669
1656498977477757	1656498977477140
1656498977652399	1656498977651022
1656498977656224	1656498977656456
1656498977669498	1656498977669788
1656498977671540	1656498977671914
1656498977672631	1656498977671955
1656498977738359	1656498977738014
1656498977782312	1656498977783212
1656498977924229	1656498977923500
1656498977941555	1656498977941708
1656498977949672	1656498977949973
1656498977954837	1656498977952714
1656498977958456	1656498977957372
1656498978012094	1656498978010516
1656498978136920	1656498978136765
1656498978137544	1656498978136765
1656498978423186	1656498978423194
1656498978437062	1656498978437289
1656498978681197	1656498978682124
1656498978684713	1656498978684700
1656498978941184	1656498978942072
1656498979011299	1656498979009874
1656498979258565	1656498979259910
1656498979272639	1656498979272837
1656498979284668	1656498979284043
1656498979288013	1656498979287928
1656498979438721	1656498979438718
1656498979446764	1656498979446866
1656498979448656	1656498979446946
1656498979493401	1656498979494491
1656498979518819	1656498979519960
1656498979559559	1656498979559844
1656498979596989	1656498979597992
1656498979697752	1656498979696440
1656498979770894	1656498979771594
1656498979781503	1656498979780723
1656498979919130	1656498979919221
1656498979927408	1656498979928666
1656498979935821	1656498979936193
1656498980010008	1656498980008720
1656498980019646	1656498980019185
1656498980020270	1656498980019563
1656498980073919	1656498980074499
1656498980120108	1656498980119389
1656498980120723	1656498980120720
1656498980125849	1656498980125350
1656498980128588	1656498980128774
1656498980131751	1656498980131176
1656498980144075	1656498980143750
1656498980145777	1656498980146310
1656498980147355	1656498980147084
1656498980147933	1656498980147451
1656498980148810	1656498980147882
1656498980150719	1656498980148881
1656498980151753	1656498980151765
1656498980194236	1656498980193940
1656498980204075	1656498980203950
1656498980511805	1656498980511182
1656498980567618	1656498980567246
1656498980577109	1656498980577323
1656498980583450	1656498980584351
1656498980657329	1656498980656961
1656498980715597	1656498980716020
1656498980807623	1656498980806839
1656498980815452	1656498980814488
1656498980895905	1656498980896976
1656498981278735	1656498981277419
1656498981408132	1656498981407974
1656498981417176	1656498981417234
1656498981425278	1656498981426217
1656498981546933	1656498981547305
1656498981553297	1656498981552974
1656498981562370	1656498981563595
1656498981564591	1656498981564238
1656498981571157	1656498981571823
1656498981572459	1656498981572176
1656498981600376	1656498981600735
1656498981610605	1656498981611441
1656498981613558	1656498981614154
1656498981637015	1656498981635346
1656498981637951	1656498981638618
1656498981836567	1656498981837113
1656498981835740	1656498981835966
1656498982115996	1656498982115916
1656498982354121	1656498982353163
1656498982360684	1656498982360673
1656498982368856	1656498982368298
1656498982373139	1656498982372818
1656498982373887	1656498982374635
1656498982486810	1656498982485928
1656498982489181	1656498982490450
1656498982490015	1656498982490450
1656498982494588	1656498982493907
1656498982560178	1656498982560510
1656498982570181	1656498982571286
1656498982620389	1656498982621492
1656498982621169	1656498982621492
1656498982622197	1656498982621837
1656498982624705	1656498982623794
1656498982626500	1656498982625854
1656498982633089	1656498982633295
1656498982640164	1656498982639940
1656498982732427	1656498982733493
1656498982807544	1656498982806863
1656498982809735	1656498982810170
1656498982810356	1656498982810211
1656498982813163	1656498982812775
1656498982920299	1656498982921287
1656498982931471	1656498982930068
1656498982935709	1656498982934543
1656498982937580	1656498982937066
1656498982938084	1656498982938335
1656498982946188	1656498982947057
1656498982994774	1656498982993805
1656498982998803	1656498982997849
1656498983003436	1656498983002920
1656498983063158	1656498983062454
1656498983201323	1656498983200820
1656498983268274	1656498983267867
1656498983274390	1656498983275668
1656498983388489	1656498983389765
1656498983450448	1656498983449558
1656498983471925	1656498983472372
1656498983637946	1656498983636711
1656498983656648	1656498983655775
1656498983668693	1656498983667169
1656498983670284	1656498983668400
1656498983786381	1656498983785457
1656498983801042	1656498983800189
1656498983838166	1656498983837282
1656498983840483	1656498983840478
1656498983859900	1656498983860805
1656498983883376	1656498983884180
1656498983992896	1656498983993049
1656498984387396	1656498984387376
1656498984389226	1656498984389530
1656498984391780	1656498984391921
1656498984401102	1656498984400376
1656498984409556	1656498984409053
1656498984483921	1656498984484695
1656498984649771	1656498984650112
1656498984657636	1656498984657104
1656498984659146	1656498984659719
1656498984661117	1656498984659719
1656498984811174	1656498984811572
1656498985067995	1656498985067462
1656498985070697	1656498985071432
1656498985389725	1656498985389742
1656498985581193	1656498985580234
1656498985582366	1656498985582540
1656498985591079	1656498985589498
1656498985879171	1656498985879475
1656498985881885	1656498985881797
1656498985918500	1656498985918355
1656498985931386	1656498985930738
1656498985990840	1656498985990710
1656498985991537	1656498985990800
1656498985992288	1656498985992812
1656498985994502	1656498985994937
1656498985995932	1656498985996170
1656498985997422	1656498985996287
1656498986149655	1656498986150176
1656498986158425	1656498986157060
1656498986230901	1656498986230022
1656498986240939	1656498986240047
1656498986258384	1656498986258335
1656498986513625	1656498986515020
1656498986532244	1656498986531537
1656498986533013	1656498986532553
1656498986566129	1656498986565136
1656498986638033	1656498986638798
1656498986638878	1656498986638798
1656498986639938	1656498986640046
1656498986787725	1656498986788443
1656498986826852	1656498986826249
1656498986832917	1656498986832833
1656498986835611	1656498986835221
1656498986837966	1656498986837185
1656498987048184	1656498987048217
1656498987118910	1656498987118351
1656498987258390	1656498987259483
1656498987263551	1656498987262621
1656498987264620	1656498987263629
1656498987261848	1656498987262621
1656498987401075	1656498987399604
1656498987421487	1656498987421070
1656498987422583	1656498987423729
1656498987596745	1656498987595601
1656498987607613	1656498987607627
1656498987752683	1656498987753499
1656498988278646	1656498988278687
1656498988280854	1656498988279949
1656498988344608	1656498988344472
1656498988420341	1656498988420297
1656498988427682	1656498988428317
1656498988428396	1656498988428317
1656498988440557	1656498988438489
1656498988553216	1656498988552137
1656498988558392	1656498988559628
1656498988561296	1656498988561838
1656498988563868	1656498988564098
1656498988566300	1656498988565558
1656498988567423	1656498988567859
1656498988568247	1656498988567953
1656498988574625	1656498988573077
1656498988577595	1656498988578766
1656498988578373	1656498988578766
1656498988650665	1656498988650825
1656498988654708	1656498988655456
1656498988698318	1656498988699349
1656498988781559	1656498988782331
1656498988967978	1656498988968877
1656498988994276	1656498988995055
1656498989397426	1656498989397335
1656498989399924	1656498989399432
1656498989410618	1656498989410614
1656498989411702	1656498989411165
1656498989419729	1656498989420896
1656498989596505	1656498989597699
1656498989787334	1656498989788230
1656498989997284	1656498989996961
1656498990001265	1656498989999608
1656498990095812	1656498990093986
1656498990191949	1656498990191022
1656498990186841	1656498990187023
1656498990188708	1656498990188971
1656498990194051	1656498990193699
1656498990195109	1656498990195268
1656498990195791	1656498990195389
1656498990442444	1656498990442020
1656498990444103	1656498990444853
1656498990572081	1656498990571783
1656498990634910	1656498990633214
1656498990635782	1656498990635394
1656498990805899	1656498990805738
1656498990996289	1656498990997093
1656498990997380	1656498990997216
1656498990998587	1656498990997974
1656498990999329	1656498991000126
1656498991057386	1656498991058093
1656498991196520	1656498991196961
1656498991197826	1656498991197821
1656498991198613	1656498991199232
1656498991199501	1656498991199232
1656498991211120	1656498991210652
1656498991212044	1656498991212720
1656498991224152	1656498991224412
1656498991272204	1656498991272278
1656498991348706	1656498991347476
1656498991354496	1656498991354557
1656498991357742	1656498991358346
1656498991358374	1656498991358346
1656498991379207	1656498991378437
1656498991388892	1656498991387262
1656498991423354	1656498991421877
1656498991607347	1656498991606263
1656498991607201	1656498991606294
1656498991608480	1656498991608468
1656498991612700	1656498991610940
1656498991616906	1656498991617001
1656498991618361	1656498991618111
1656498991658499	1656498991657446
1656498991672204	1656498991671542
1656498991672563	1656498991671697
1656498991677559	1656498991676829
1656498991679898	1656498991679703
1656498991686440	1656498991686472
1656498991883999	1656498991882642
1656498991897285	1656498991896588
1656498991966818	1656498991967213
1656498991967640	1656498991967213
1656498992061592	1656498992062439
1656498992267570	1656498992268229
1656498992267109	1656498992266158
1656498992394611	1656498992393956
1656498992460512	1656498992459275
1656498992462442	1656498992463174
1656498993125773	1656498993125238
1656498993132507	1656498993133890
1656498993133540	1656498993133890
1656498993134830	1656498993133969
1656498993136127	1656498993136971
1656498993136646	1656498993136971
1656498993117940	1656498993117717
1656498993118809	1656498993117791
1656498993123053	1656498993123161
1656498993313412	1656498993314811
1656498993314811	1656498993314811
1656498993318874	1656498993319808
1656498993319398	1656498993319808
1656498993320319	1656498993319980
1656498993321319	1656498993322108
1656498993323267	1656498993322197
1656498993325360	1656498993325329
1656498993519085	1656498993518679
1656498993657814	1656498993658297
1656498993705176	1656498993706022
1656498993769013	1656498993769613
1656498993799053	1656498993798929
1656498994097709	1656498994097122
1656498994105264	1656498994105614
1656498994113634	1656498994114712
1656498994115323	1656498994114869
1656498994179953	1656498994179461
1656498994229597	1656498994228416
1656498994233008	1656498994234088
1656498994241526	1656498994241699
1656498994317027	1656498994317696
1656498994371239	1656498994370093
1656498994518697	1656498994518391
1656498994570143	1656498994569048
1656498994571257	1656498994571427
1656498994582910	1656498994583239
1656498994709451	1656498994709030
1656498994711548	1656498994711113
1656498994713123	1656498994713136
1656498994714151	1656498994713096
1656498994717868	1656498994717467
1656498994723156	1656498994722159
1656498994724767	1656498994723527
1656498994771416	1656498994771265
1656498994779066	1656498994778399
1656498994782000	1656498994780819
1656498994789267	1656498994788402
1656498995056817	1656498995057886
1656498995057299	1656498995057886
1656498995165940	1656498995166994
1656498995174558	1656498995173870
1656498995228996	1656498995228982
1656498995230984	1656498995231277
1656498995232263	1656498995231404
1656498995234110	1656498995234256
1656498995235287	1656498995235759
1656498995236092	1656498995235843
1656498995241416	1656498995241195
1656498995246963	1656498995248106
1656498995247108	1656498995248106
1656498995305447	1656498995305287
1656498995310085	1656498995309126
1656498995469305	1656498995469157
1656498995476860	1656498995476098
1656498995546916	1656498995546838
1656498995548772	1656498995547816
1656498995550827	1656498995550384
1656498995555186	1656498995555572
1656498995556837	1656498995557164
1656498995558082	1656498995558404
1656498995558955	1656498995558691
1656498995562887	1656498995563310
1656498995565877	1656498995566993
1656498995567014	1656498995567029
1656498995652883	1656498995652793
1656498995872360	1656498995872216
1656498995882109	1656498995882561
1656498995883043	1656498995882804
1656498996089181	1656498996089170
1656498996118124	1656498996117060
1656498996286666	1656498996286135
1656498996287694	1656498996288009
1656498996288715	1656498996289175
1656498996289739	1656498996289216
1656498996291023	1656498996291482
1656498996292852	1656498996292944
1656498996293833	1656498996293032
1656498996296711	1656498996297375
1656498996299844	1656498996300491
1656498996301747	1656498996301985
1656498996302640	1656498996303222
1656498996305198	1656498996306427
1656498996306231	1656498996306427
1656498996310739	1656498996311195
1656498996616778	1656498996616669
1656498996619522	1656498996619018
1656498996620912	1656498996620210
1656498997068943	1656498997068775
1656498997170714	1656498997170039
1656498997178793	1656498997179018
1656498997218190	1656498997219311
1656498997220111	1656498997219845
1656498997230732	1656498997229905
1656498997231953	1656498997232024
1656498997232053	1656498997232024
1656498997338535	1656498997337414
1656498997370320	1656498997368647
1656498997407202	1656498997407065
1656498997408476	1656498997407577
1656498997409143	1656498997408303
1656498997410092	1656498997410255
1656498997411681	1656498997411881
1656498997412178	1656498997412162
1656498997419729	1656498997421055
1656498997557617	1656498997557426
